3600
0.337
0.337
0.337
0.337
0.337
0.337
0.337
0.337
0.337
0.337
0.337
0.337
0.337
0.337
0.337
0.337
0.337
0.337
0.337
0.337
0.337
0.337
0.337
0.337
0.337
0.337
0.337
0.337
0.337
0.337
0.337
0.337
0.337
0.337
0.337
0.337
0.337
0.337
0.343
0.343
0.343
0.343
0.343
0.343
0.343
0.343
0.343
0.343
0.343
0.343
0.343
0.343
0.343
0.343
0.343
0.343
0.343
0.343
0.343
0.343
0.343
0.343
0.343
0.343
0.343
0.343
0.343
0.343
0.343
0.343
0.343
0.343
0.343
0.343
0.343
0.343
0.309
0.309
0.309
0.309
0.309
0.309
0.309
0.309
0.309
0.309
0.309
0.309
0.309
0.309
0.309
0.309
0.309
0.309
0.309
0.309
0.309
0.309
0.309
0.309
0.309
0.309
0.309
0.309
0.309
0.309
0.309
0.309
0.309
0.309
0.309
0.309
0.309
0.309
0.188
0.188
0.188
0.188
0.188
0.188
0.188
0.188
0.188
0.188
0.188
0.188
0.188
0.188
0.188
0.188
0.188
0.188
0.188
0.188
0.188
0.188
0.188
0.188
0.188
0.188
0.188
0.188
0.188
0.188
0.188
0.188
0.188
0.188
0.188
0.188
0.188
0.188
0.166
0.166
0.166
0.166
0.166
0.166
0.166
0.166
0.166
0.166
0.166
0.166
0.166
0.166
0.166
0.166
0.166
0.166
0.166
0.166
0.166
0.166
0.166
0.166
0.166
0.166
0.166
0.166
0.166
0.166
0.166
0.166
0.166
0.166
0.166
0.166
0.166
0.166
0.122
0.122
0.122
0.122
0.122
0.122
0.122
0.122
0.122
0.122
0.122
0.122
0.122
0.122
0.122
0.122
0.122
0.122
0.122
0.122
0.122
0.122
0.122
0.122
0.122
0.122
0.122
0.122
0.122
0.122
0.122
0.122
0.122
0.122
0.122
0.122
0.122
0.122
0.134
0.134
0.134
0.134
0.134
0.134
0.134
0.134
0.134
0.134
0.134
0.134
0.134
0.134
0.134
0.134
0.134
0.134
0.134
0.134
0.134
0.134
0.134
0.134
0.134
0.134
0.134
0.134
0.134
0.134
0.134
0.134
0.134
0.134
0.134
0.134
0.134
0.134
0.147
0.147
0.147
0.147
0.147
0.147
0.147
0.147
0.147
0.147
0.147
0.147
0.147
0.147
0.147
0.147
0.147
0.147
0.147
0.147
0.147
0.147
0.147
0.147
0.147
0.147
0.147
0.147
0.147
0.147
0.147
0.147
0.147
0.147
0.147
0.147
0.147
0.147
0.24
0.24
0.24
0.24
0.24
0.24
0.24
0.24
0.24
0.24
0.24
0.24
0.24
0.24
0.24
0.24
0.24
0.24
0.24
0.24
0.24
0.24
0.24
0.24
0.24
0.24
0.24
0.24
0.24
0.24
0.24
0.24
0.24
0.24
0.24
0.24
0.24
0.24
0.277
0.277
0.277
0.277
0.277
0.277
0.277
0.277
0.277
0.277
0.277
0.277
0.277
0.277
0.277
0.277
0.277
0.277
0.277
0.277
0.277
0.277
0.277
0.277
0.277
0.277
0.277
0.277
0.277
0.277
0.277
0.277
0.277
0.277
0.277
0.277
0.277
0.277
0.327
0.327
0.327
0.327
0.327
0.327
0.327
0.327
0.327
0.327
0.327
0.327
0.327
0.327
0.327
0.327
0.327
0.327
0.327
0.327
0.327
0.327
0.327
0.327
0.327
0.327
0.327
0.327
0.327
0.327
0.327
0.327
0.327
0.327
0.327
0.327
0.327
0.327
0.421
0.421
0.421
0.421
0.421
0.421
0.421
0.421
0.421
0.421
0.421
0.421
0.421
0.421
0.421
0.421
0.421
0.421
0.421
0.421
0.421
0.421
0.421
0.421
0.421
0.421
0.421
0.421
0.421
0.421
0.421
0.421
0.421
0.421
0.421
0.421
0.421
0.421
0.407
0.407
0.407
0.407
0.407
0.407
0.407
0.407
0.407
0.407
0.407
0.407
0.407
0.407
0.407
0.407
0.407
0.407
0.407
0.407
0.407
0.407
0.407
0.407
0.407
0.407
0.407
0.407
0.407
0.407
0.407
0.407
0.407
0.407
0.407
0.407
0.407
0.407
0.34
0.34
0.34
0.34
0.34
0.34
0.34
0.34
0.34
0.34
0.34
0.34
0.34
0.34
0.34
0.34
0.34
0.34
0.34
0.34
0.34
0.34
0.34
0.34
0.34
0.34
0.34
0.34
0.34
0.34
0.34
0.34
0.34
0.34
0.34
0.34
0.34
0.34
0.344
0.344
0.344
0.344
0.344
0.344
0.344
0.344
0.344
0.344
0.344
0.344
0.344
0.344
0.344
0.344
0.344
0.344
0.344
0.344
0.344
0.344
0.344
0.344
0.344
0.344
0.344
0.344
0.344
0.344
0.344
0.344
0.344
0.344
0.344
0.344
0.344
0.344
0.325
0.325
0.325
0.325
0.325
0.325
0.325
0.325
0.325
0.325
0.325
0.325
0.325
0.325
0.325
0.325
0.325
0.325
0.325
0.325
0.325
0.325
0.325
0.325
0.325
0.325
0.325
0.325
0.325
0.325
0.325
0.325
0.325
0.325
0.325
0.325
0.325
0.325
0.326
0.326
0.326
0.326
0.326
0.326
0.326
0.326
0.326
0.326
0.326
0.326
0.326
0.326
0.326
0.326
0.326
0.326
0.326
0.326
0.326
0.326
0.326
0.326
0.326
0.326
0.326
0.326
0.326
0.326
0.326
0.326
0.326
0.326
0.326
0.326
0.326
0.326
0.273
0.273
0.273
0.273
0.273
0.273
0.273
0.273
0.273
0.273
0.273
0.273
0.273
0.273
0.273
0.273
0.273
0.273
0.273
0.273
0.273
0.273
0.273
0.273
0.273
0.273
0.273
0.273
0.273
0.273
0.273
0.273
0.273
0.273
0.273
0.273
0.273
0.273
0.309
0.309
0.309
0.309
0.309
0.309
0.309
0.309
0.309
0.309
0.309
0.309
0.309
0.309
0.309
0.309
0.309
0.309
0.309
0.309
0.309
0.309
0.309
0.309
0.309
0.309
0.309
0.309
0.309
0.309
0.309
0.309
0.309
0.309
0.309
0.309
0.309
0.309
0.356
0.356
0.356
0.356
0.356
0.356
0.356
0.356
0.356
0.356
0.356
0.356
0.356
0.356
0.356
0.356
0.356
0.356
0.356
0.356
0.356
0.356
0.356
0.356
0.356
0.356
0.356
0.356
0.356
0.356
0.356
0.356
0.356
0.356
0.356
0.356
0.356
0.356
0.45
0.45
0.45
0.45
0.45
0.45
0.45
0.45
0.45
0.45
0.45
0.45
0.45
0.45
0.45
0.45
0.45
0.45
0.45
0.45
0.45
0.45
0.45
0.45
0.45
0.45
0.45
0.45
0.45
0.45
0.45
0.45
0.45
0.45
0.45
0.45
0.45
0.45
0.56
0.56
0.56
0.56
0.56
0.56
0.56
0.56
0.56
0.56
0.56
0.56
0.56
0.56
0.56
0.56
0.56
0.56
0.56
0.56
0.56
0.56
0.56
0.56
0.56
0.56
0.56
0.56
0.56
0.56
0.56
0.56
0.56
0.56
0.56
0.56
0.56
0.56
0.582
0.582
0.582
0.582
0.582
0.582
0.582
0.582
0.582
0.582
0.582
0.582
0.582
0.582
0.582
0.582
0.582
0.582
0.582
0.582
0.582
0.582
0.582
0.582
0.582
0.582
0.582
0.582
0.582
0.582
0.582
0.582
0.582
0.582
0.582
0.582
0.582
0.582
0.663
0.663
0.663
0.663
0.663
0.663
0.663
0.663
0.663
0.663
0.663
0.663
0.663
0.663
0.663
0.663
0.663
0.663
0.663
0.663
0.663
0.663
0.663
0.663
0.663
0.663
0.663
0.663
0.663
0.663
0.663
0.663
0.663
0.663
0.663
0.663
0.663
0.663
0.649
0.649
0.649
0.649
0.649
0.649
0.649
0.649
0.649
0.649
0.649
0.649
0.649
0.649
0.649
0.649
0.649
0.649
0.649
0.649
0.649
0.649
0.649
0.649
0.649
0.649
0.649
0.649
0.649
0.649
0.649
0.649
0.649
0.649
0.649
0.649
0.649
0.649
0.738
0.738
0.738
0.738
0.738
0.738
0.738
0.738
0.738
0.738
0.738
0.738
0.738
0.738
0.738
0.738
0.738
0.738
0.738
0.738
0.738
0.738
0.738
0.738
0.738
0.738
0.738
0.738
0.738
0.738
0.738
0.738
0.738
0.738
0.738
0.738
0.738
0.738
0.503
0.503
0.503
0.503
0.503
0.503
0.503
0.503
0.503
0.503
0.503
0.503
0.503
0.503
0.503
0.503
0.503
0.503
0.503
0.503
0.503
0.503
0.503
0.503
0.503
0.503
0.503
0.503
0.503
0.503
0.503
0.503
0.503
0.503
0.503
0.503
0.503
0.503
0.536
0.536
0.536
0.536
0.536
0.536
0.536
0.536
0.536
0.536
0.536
0.536
0.536
0.536
0.536
0.536
0.536
0.536
0.536
0.536
0.536
0.536
0.536
0.536
0.536
0.536
0.536
0.536
0.536
0.536
0.536
0.536
0.536
0.536
0.536
0.536
0.536
0.536
0.543
0.543
0.543
0.543
0.543
0.543
0.543
0.543
0.543
0.543
0.543
0.543
0.543
0.543
0.543
0.543
0.543
0.543
0.543
0.543
0.543
0.543
0.543
0.543
0.543
0.543
0.543
0.543
0.543
0.543
0.543
0.543
0.543
0.543
0.543
0.543
0.543
0.543
0.571
0.571
0.571
0.571
0.571
0.571
0.571
0.571
0.571
0.571
0.571
0.571
0.571
0.571
0.571
0.571
0.571
0.571
0.571
0.571
0.571
0.571
0.571
0.571
0.571
0.571
0.571
0.571
0.571
0.571
0.571
0.571
0.571
0.571
0.571
0.571
0.571
0.571
0.621
0.621
0.621
0.621
0.621
0.621
0.621
0.621
0.621
0.621
0.621
0.621
0.621
0.621
0.621
0.621
0.621
0.621
0.621
0.621
0.621
0.621
0.621
0.621
0.621
0.621
0.621
0.621
0.621
0.621
0.621
0.621
0.621
0.621
0.621
0.621
0.621
0.621
0.613
0.613
0.613
0.613
0.613
0.613
0.613
0.613
0.613
0.613
0.613
0.613
0.613
0.613
0.613
0.613
0.613
0.613
0.613
0.613
0.613
0.613
0.613
0.613
0.613
0.613
0.613
0.613
0.613
0.613
0.613
0.613
0.613
0.613
0.613
0.613
0.613
0.613
0.566
0.566
0.566
0.566
0.566
0.566
0.566
0.566
0.566
0.566
0.566
0.566
0.566
0.566
0.566
0.566
0.566
0.566
0.566
0.566
0.566
0.566
0.566
0.566
0.566
0.566
0.566
0.566
0.566
0.566
0.566
0.566
0.566
0.566
0.566
0.566
0.566
0.566
0.707
0.707
0.707
0.707
0.707
0.707
0.707
0.707
0.707
0.707
0.707
0.707
0.707
0.707
0.707
0.707
0.707
0.707
0.707
0.707
0.707
0.707
0.707
0.707
0.707
0.707
0.707
0.707
0.707
0.707
0.707
0.707
0.707
0.707
0.707
0.707
0.707
0.707
0.706
0.706
0.706
0.706
0.706
0.706
0.706
0.706
0.706
0.706
0.706
0.706
0.706
0.706
0.706
0.706
0.706
0.706
0.706
0.706
0.706
0.706
0.706
0.706
0.706
0.706
0.706
0.706
0.706
0.706
0.706
0.706
0.706
0.706
0.706
0.706
0.706
0.706
0.736
0.736
0.736
0.736
0.736
0.736
0.736
0.736
0.736
0.736
0.736
0.736
0.736
0.736
0.736
0.736
0.736
0.736
0.736
0.736
0.736
0.736
0.736
0.736
0.736
0.736
0.736
0.736
0.736
0.736
0.736
0.736
0.736
0.736
0.736
0.736
0.736
0.736
0.757
0.757
0.757
0.757
0.757
0.757
0.757
0.757
0.757
0.757
0.757
0.757
0.757
0.757
0.757
0.757
0.757
0.757
0.757
0.757
0.757
0.757
0.757
0.757
0.757
0.757
0.757
0.757
0.757
0.757
0.757
0.757
0.757
0.757
0.757
0.757
0.757
0.757
0.805
0.805
0.805
0.805
0.805
0.805
0.805
0.805
0.805
0.805
0.805
0.805
0.805
0.805
0.805
0.805
0.805
0.805
0.805
0.805
0.805
0.805
0.805
0.805
0.805
0.805
0.805
0.805
0.805
0.805
0.805
0.805
0.805
0.805
0.805
0.805
0.805
0.805
0.68
0.68
0.68
0.68
0.68
0.68
0.68
0.68
0.68
0.68
0.68
0.68
0.68
0.68
0.68
0.68
0.68
0.68
0.68
0.68
0.68
0.68
0.68
0.68
0.68
0.68
0.68
0.68
0.68
0.68
0.68
0.68
0.68
0.68
0.68
0.68
0.68
0.68
0.609
0.609
0.609
0.609
0.609
0.609
0.609
0.609
0.609
0.609
0.609
0.609
0.609
0.609
0.609
0.609
0.609
0.609
0.609
0.609
0.609
0.609
0.609
0.609
0.609
0.609
0.609
0.609
0.609
0.609
0.609
0.609
0.609
0.609
0.609
0.609
0.609
0.609
0.51
0.51
0.51
0.51
0.51
0.51
0.51
0.51
0.51
0.51
0.51
0.51
0.51
0.51
0.51
0.51
0.51
0.51
0.51
0.51
0.51
0.51
0.51
0.51
0.51
0.51
0.51
0.51
0.51
0.51
0.51
0.51
0.51
0.51
0.51
0.51
0.51
0.51
0.578
0.578
0.578
0.578
0.578
0.578
0.578
0.578
0.578
0.578
0.578
0.578
0.578
0.578
0.578
0.578
0.578
0.578
0.578
0.578
0.578
0.578
0.578
0.578
0.578
0.578
0.578
0.578
0.578
0.578
0.578
0.578
0.578
0.578
0.578
0.578
0.578
0.578
0.634
0.634
0.634
0.634
0.634
0.634
0.634
0.634
0.634
0.634
0.634
0.634
0.634
0.634
0.634
0.634
0.634
0.634
0.634
0.634
0.634
0.634
0.634
0.634
0.634
0.634
0.634
0.634
0.634
0.634
0.634
0.634
0.634
0.634
0.634
0.634
0.634
0.634
0.632
0.632
0.632
0.632
0.632
0.632
0.632
0.632
0.632
0.632
0.632
0.632
0.632
0.632
0.632
0.632
0.632
0.632
0.632
0.632
0.632
0.632
0.632
0.632
0.632
0.632
0.632
0.632
0.632
0.632
0.632
0.632
0.632
0.632
0.632
0.632
0.632
0.632
0.719
0.719
0.719
0.719
0.719
0.719
0.719
0.719
0.719
0.719
0.719
0.719
0.719
0.719
0.719
0.719
0.719
0.719
0.719
0.719
0.719
0.719
0.719
0.719
0.719
0.719
0.719
0.719
0.719
0.719
0.719
0.719
0.719
0.719
0.719
0.719
0.719
0.719
0.727
0.727
0.727
0.727
0.727
0.727
0.727
0.727
0.727
0.727
0.727
0.727
0.727
0.727
0.727
0.727
0.727
0.727
0.727
0.727
0.727
0.727
0.727
0.727
0.727
0.727
0.727
0.727
0.727
0.727
0.727
0.727
0.727
0.727
0.727
0.727
0.727
0.727
0.74
0.74
0.74
0.74
0.74
0.74
0.74
0.74
0.74
0.74
0.74
0.74
0.74
0.74
0.74
0.74
0.74
0.74
0.74
0.74
0.74
0.74
0.74
0.74
0.74
0.74
0.74
0.74
0.74
0.74
0.74
0.74
0.74
0.74
0.74
0.74
0.74
0.74
0.742
0.742
0.742
0.742
0.742
0.742
0.742
0.742
0.742
0.742
0.742
0.742
0.742
0.742
0.742
0.742
0.742
0.742
0.742
0.742
0.742
0.742
0.742
0.742
0.742
0.742
0.742
0.742
0.742
0.742
0.742
0.742
0.742
0.742
0.742
0.742
0.742
0.742
0.852
0.852
0.852
0.852
0.852
0.852
0.852
0.852
0.852
0.852
0.852
0.852
0.852
0.852
0.852
0.852
0.852
0.852
0.852
0.852
0.852
0.852
0.852
0.852
0.852
0.852
0.852
0.852
0.852
0.852
0.852
0.852
0.852
0.852
0.852
0.852
0.852
0.852
0.787
0.787
0.787
0.787
0.787
0.787
0.787
0.787
0.787
0.787
0.787
0.787
0.787
0.787
0.787
0.787
0.787
0.787
0.787
0.787
0.787
0.787
0.787
0.787
0.787
0.787
0.787
0.787
0.787
0.787
0.787
0.787
0.787
0.787
0.787
0.787
0.787
0.787
0.943
0.943
0.943
0.943
0.943
0.943
0.943
0.943
0.943
0.943
0.943
0.943
0.943
0.943
0.943
0.943
0.943
0.943
0.943
0.943
0.943
0.943
0.943
0.943
0.943
0.943
0.943
0.943
0.943
0.943
0.943
0.943
0.943
0.943
0.943
0.943
0.943
0.943
0.764
0.764
0.764
0.764
0.764
0.764
0.764
0.764
0.764
0.764
0.764
0.764
0.764
0.764
0.764
0.764
0.764
0.764
0.764
0.764
0.764
0.764
0.764
0.764
0.764
0.764
0.764
0.764
0.764
0.764
0.764
0.764
0.764
0.764
0.764
0.764
0.764
0.764
0.576
0.576
0.576
0.576
0.576
0.576
0.576
0.576
0.576
0.576
0.576
0.576
0.576
0.576
0.576
0.576
0.576
0.576
0.576
0.576
0.576
0.576
0.576
0.576
0.576
0.576
0.576
0.576
0.576
0.576
0.576
0.576
0.576
0.576
0.576
0.576
0.576
0.576
0.754
0.754
0.754
0.754
0.754
0.754
0.754
0.754
0.754
0.754
0.754
0.754
0.754
0.754
0.754
0.754
0.754
0.754
0.754
0.754
0.754
0.754
0.754
0.754
0.754
0.754
0.754
0.754
0.754
0.754
0.754
0.754
0.754
0.754
0.754
0.754
0.754
0.754
0.645
0.645
0.645
0.645
0.645
0.645
0.645
0.645
0.645
0.645
0.645
0.645
0.645
0.645
0.645
0.645
0.645
0.645
0.645
0.645
0.645
0.645
0.645
0.645
0.645
0.645
0.645
0.645
0.645
0.645
0.645
0.645
0.645
0.645
0.645
0.645
0.645
0.645
0.427
0.427
0.427
0.427
0.427
0.427
0.427
0.427
0.427
0.427
0.427
0.427
0.427
0.427
0.427
0.427
0.427
0.427
0.427
0.427
0.427
0.427
0.427
0.427
0.427
0.427
0.427
0.427
0.427
0.427
0.427
0.427
0.427
0.427
0.427
0.427
0.427
0.427
0.425
0.425
0.425
0.425
0.425
0.425
0.425
0.425
0.425
0.425
0.425
0.425
0.425
0.425
0.425
0.425
0.425
0.425
0.425
0.425
0.425
0.425
0.425
0.425
0.425
0.425
0.425
0.425
0.425
0.425
0.425
0.425
0.425
0.425
0.425
0.425
0.425
0.425
0.427
0.427
0.427
0.427
0.427
0.427
0.427
0.427
0.427
0.427
0.427
0.427
0.427
0.427
0.427
0.427
0.427
0.427
0.427
0.427
0.427
0.427
0.427
0.427
0.427
0.427
0.427
0.427
0.427
0.427
0.427
0.427
0.427
0.427
0.427
0.427
0.427
0.427
0.423
0.423
0.423
0.423
0.423
0.423
0.423
0.423
0.423
0.423
0.423
0.423
0.423
0.423
0.423
0.423
0.423
0.423
0.423
0.423
0.423
0.423
0.423
0.423
0.423
0.423
0.423
0.423
0.423
0.423
0.423
0.423
0.423
0.423
0.423
0.423
0.423
0.423
0.498
0.498
0.498
0.498
0.498
0.498
0.498
0.498
0.498
0.498
0.498
0.498
0.498
0.498
0.498
0.498
0.498
0.498
0.498
0.498
0.498
0.498
0.498
0.498
0.498
0.498
0.498
0.498
0.498
0.498
0.498
0.498
0.498
0.498
0.498
0.498
0.498
0.498
0.459
0.459
0.459
0.459
0.459
0.459
0.459
0.459
0.459
0.459
0.459
0.459
0.459
0.459
0.459
0.459
0.459
0.459
0.459
0.459
0.459
0.459
0.459
0.459
0.459
0.459
0.459
0.459
0.459
0.459
0.459
0.459
0.459
0.459
0.459
0.459
0.459
0.459
0.497
0.497
0.497
0.497
0.497
0.497
0.497
0.497
0.497
0.497
0.497
0.497
0.497
0.497
0.497
0.497
0.497
0.497
0.497
0.497
0.497
0.497
0.497
0.497
0.497
0.497
0.497
0.497
0.497
0.497
0.497
0.497
0.497
0.497
0.497
0.497
0.497
0.497
0.533
0.533
0.533
0.533
0.533
0.533
0.533
0.533
0.533
0.533
0.533
0.533
0.533
0.533
0.533
0.533
0.533
0.533
0.533
0.533
0.533
0.533
0.533
0.533
0.533
0.533
0.533
0.533
0.533
0.533
0.533
0.533
0.533
0.533
0.533
0.533
0.533
0.533
0.532
0.532
0.532
0.532
0.532
0.532
0.532
0.532
0.532
0.532
0.532
0.532
0.532
0.532
0.532
0.532
0.532
0.532
0.532
0.532
0.532
0.532
0.532
0.532
0.532
0.532
0.532
0.532
0.532
0.532
0.532
0.532
0.532
0.532
0.532
0.532
0.532
0.532
0.595
0.595
0.595
0.595
0.595
0.595
0.595
0.595
0.595
0.595
0.595
0.595
0.595
0.595
0.595
0.595
0.595
0.595
0.595
0.595
0.595
0.595
0.595
0.595
0.595
0.595
0.595
0.595
0.595
0.595
0.595
0.595
0.595
0.595
0.595
0.595
0.595
0.595
0.662
0.662
0.662
0.662
0.662
0.662
0.662
0.662
0.662
0.662
0.662
0.662
0.662
0.662
0.662
0.662
0.662
0.662
0.662
0.662
0.662
0.662
0.662
0.662
0.662
0.662
0.662
0.662
0.662
0.662
0.662
0.662
0.662
0.662
0.662
0.662
0.662
0.662
0.6
0.6
0.6
0.6
0.6
0.6
0.6
0.6
0.6
0.6
0.6
0.6
0.6
0.6
0.6
0.6
0.6
0.6
0.6
0.6
0.6
0.6
0.6
0.6
0.6
0.6
0.6
0.6
0.6
0.6
0.6
0.6
0.6
0.6
0.6
0.6
0.6
0.6
0.606
0.606
0.606
0.606
0.606
0.606
0.606
0.606
0.606
0.606
0.606
0.606
0.606
0.606
0.606
0.606
0.606
0.606
0.606
0.606
0.606
0.606
0.606
0.606
0.606
0.606
0.606
0.606
0.606
0.606
0.606
0.606
0.606
0.606
0.606
0.606
0.606
0.606
0.651
0.651
0.651
0.651
0.651
0.651
0.651
0.651
0.651
0.651
0.651
0.651
0.651
0.651
0.651
0.651
0.651
0.651
0.651
0.651
0.651
0.651
0.651
0.651
0.651
0.651
0.651
0.651
0.651
0.651
0.651
0.651
0.651
0.651
0.651
0.651
0.651
0.651
0.729
0.729
0.729
0.729
0.729
0.729
0.729
0.729
0.729
0.729
0.729
0.729
0.729
0.729
0.729
0.729
0.729
0.729
0.729
0.729
0.729
0.729
0.729
0.729
0.729
0.729
0.729
0.729
0.729
0.729
0.729
0.729
0.729
0.729
0.729
0.729
0.729
0.729
0.779
0.779
0.779
0.779
0.779
0.779
0.779
0.779
0.779
0.779
0.779
0.779
0.779
0.779
0.779
0.779
0.779
0.779
0.779
0.779
0.779
0.779
0.779
0.779
0.779
0.779
0.779
0.779
0.779
0.779
0.779
0.779
0.779
0.779
0.779
0.779
0.779
0.779
0.778
0.778
0.778
0.778
0.778
0.778
0.778
0.778
0.778
0.778
0.778
0.778
0.778
0.778
0.778
0.778
0.778
0.778
0.778
0.778
0.778
0.778
0.778
0.778
0.778
0.778
0.778
0.778
0.778
0.778
0.778
0.778
0.778
0.778
0.778
0.778
0.778
0.778
0.791
0.791
0.791
0.791
0.791
0.791
0.791
0.791
0.791
0.791
0.791
0.791
0.791
0.791
0.791
0.791
0.791
0.791
0.791
0.791
0.791
0.791
0.791
0.791
0.791
0.791
0.791
0.791
0.791
0.791
0.791
0.791
0.791
0.791
0.791
0.791
0.791
0.791
0.76
0.76
0.76
0.76
0.76
0.76
0.76
0.76
0.76
0.76
0.76
0.76
0.76
0.76
0.76
0.76
0.76
0.76
0.76
0.76
0.76
0.76
0.76
0.76
0.76
0.76
0.76
0.76
0.76
0.76
0.76
0.76
0.76
0.76
0.76
0.76
0.76
0.76
0.741
0.741
0.741
0.741
0.741
0.741
0.741
0.741
0.741
0.741
0.741
0.741
0.741
0.741
0.741
0.741
0.741
0.741
0.741
0.741
0.741
0.741
0.741
0.741
0.741
0.741
0.741
0.741
0.741
0.741
0.741
0.741
0.741
0.741
0.741
0.741
0.741
0.741
0.705
0.705
0.705
0.705
0.705
0.705
0.705
0.705
0.705
0.705
0.705
0.705
0.705
0.705
0.705
0.705
0.705
0.705
0.705
0.705
0.705
0.705
0.705
0.705
0.705
0.705
0.705
0.705
0.705
0.705
0.705
0.705
0.705
0.705
0.705
0.705
0.705
0.705
0.511
0.511
0.511
0.511
0.511
0.511
0.511
0.511
0.511
0.511
0.511
0.511
0.511
0.511
0.511
0.511
0.511
0.511
0.511
0.511
0.511
0.511
0.511
0.511
0.511
0.511
0.511
0.511
0.511
0.511
0.511
0.511
0.511
0.511
0.511
0.511
0.511
0.511
0.421
0.421
0.421
0.421
0.421
0.421
0.421
0.421
0.421
0.421
0.421
0.421
0.421
0.421
0.421
0.421
0.421
0.421
0.421
0.421
0.421
0.421
0.421
0.421
0.421
0.421
0.421
0.421
0.421
0.421
0.421
0.421
0.421
0.421
0.421
0.421
0.421
0.421
0.462
0.462
0.462
0.462
0.462
0.462
0.462
0.462
0.462
0.462
0.462
0.462
0.462
0.462
0.462
0.462
0.462
0.462
0.462
0.462
0.462
0.462
0.462
0.462
0.462
0.462
0.462
0.462
0.462
0.462
0.462
0.462
0.462
0.462
0.462
0.462
0.462
0.462
0.451
0.451
0.451
0.451
0.451
0.451
0.451
0.451
0.451
0.451
0.451
0.451
0.451
0.451
0.451
0.451
0.451
0.451
0.451
0.451
0.451
0.451
0.451
0.451
0.451
0.451
0.451
0.451
0.451
0.451
0.451
0.451
0.451
0.451
0.451
0.451
0.451
0.451
0.485
0.485
0.485
0.485
0.485
0.485
0.485
0.485
0.485
0.485
0.485
0.485
0.485
0.485
0.485
0.485
0.485
0.485
0.485
0.485
0.485
0.485
0.485
0.485
0.485
0.485
0.485
0.485
0.485
0.485
0.485
0.485
0.485
0.485
0.485
0.485
0.485
0.485
0.418
0.418
0.418
0.418
0.418
0.418
0.418
0.418
0.418
0.418
0.418
0.418
0.418
0.418
0.418
0.418
0.418
0.418
0.418
0.418
0.418
0.418
0.418
0.418
0.418
0.418
0.418
0.418
0.418
0.418
0.418
0.418
0.418
0.418
0.418
0.418
0.418
0.418
0.446
0.446
0.446
0.446
0.446
0.446
0.446
0.446
0.446
0.446
0.446
0.446
0.446
0.446
0.446
0.446
0.446
0.446
0.446
0.446
0.446
0.446
0.446
0.446
0.446
0.446
0.446
0.446
0.446
0.446
0.446
0.446
0.446
0.446
0.446
0.446
0.446
0.446
0.464
0.464
0.464
0.464
0.464
0.464
0.464
0.464
0.464
0.464
0.464
0.464
0.464
0.464
0.464
0.464
0.464
0.464
0.464
0.464
0.464
0.464
0.464
0.464
0.464
0.464
0.464
0.464
0.464
0.464
0.464
0.464
0.464
0.464
0.464
0.464
0.464
0.464
0.471
0.471
0.471
0.471
0.471
0.471
0.471
0.471
0.471
0.471
0.471
0.471
0.471
0.471
0.471
0.471
0.471
0.471
0.471
0.471
0.471
0.471
0.471
0.471
0.471
0.471
0.471
0.471
0.471
0.471
0.471
0.471
0.471
0.471
0.471
0.471
0.471
0.471
0.613
0.613
0.613
0.613
0.613
0.613
0.613
0.613
0.613
0.613
0.613
0.613
0.613
0.613
0.613
0.613
0.613
0.613
0.613
0.613
0.613
0.613
0.613
0.613
0.613
0.613
0.613
0.613
0.613
0.613
0.613
0.613
0.613
0.613
0.613
0.613
0.613
0.613
0.679
0.679
0.679
0.679
0.679
0.679
0.679
0.679
0.679
0.679
0.679
0.679
0.679
0.679
0.679
0.679
0.679
0.679
0.679
0.679
0.679
0.679
0.679
0.679
0.679
0.679
0.679
0.679
0.679
0.679
0.679
0.679
0.679
0.679
0.679
0.679
0.679
0.679
0.784
0.784
0.784
0.784
0.784
0.784
0.784
0.784
0.784
0.784
0.784
0.784
0.784
0.784
0.784
0.784
0.784
0.784
0.784
0.784
0.784
0.784
0.784
0.784
0.784
0.784
0.784
0.784
0.784
0.784
0.784
0.784
0.784
0.784
0.784
0.784
0.784
0.784
0.81
0.81
0.81
0.81
0.81
0.81
0.81
0.81
0.81
0.81
0.81
0.81
0.81
0.81
0.81
0.81
0.81
0.81
0.81
0.81
0.81
0.81
0.81
0.81
0.81
0.81
0.81
0.81
0.81
0.81
0.81
0.81
0.81
0.81
0.81
0.81
0.81
0.81
0.87
0.87
0.87
0.87
0.87
0.87
0.87
0.87
0.87
0.87
0.87
0.87
0.87
0.87
0.87
0.87
0.87
0.87
0.87
0.87
0.87
0.87
0.87
0.87
0.87
0.87
0.87
0.87
0.87
0.87
0.87
0.87
0.87
0.87
0.87
0.87
0.87
0.87
0.85
0.85
0.85
0.85
0.85
0.85
0.85
0.85
0.85
0.85
0.85
0.85
0.85
0.85
0.85
0.85
0.85
0.85
0.85
0.85
0.85
0.85
0.85
0.85
0.85
0.85
0.85
0.85
0.85
0.85
0.85
0.85
0.85
0.85
0.85
0.85
0.85
0.85
0.813
0.813
0.813
0.813
0.813
0.813
0.813
0.813
0.813
0.813
0.813
0.813
0.813
0.813
0.813
0.813
0.813
0.813
0.813
0.813
0.813
0.813
0.813
0.813
0.813
0.813
0.813
0.813
0.813
0.813
0.813
0.813
0.813
0.813
0.813
0.813
0.813
0.813
0.805
0.805
0.805
0.805
0.805
0.805
0.805
0.805
0.805
0.805
0.805
0.805
0.805
0.805
0.805
0.805
0.805
0.805
0.805
0.805
0.805
0.805
0.805
0.805
0.805
0.805
0.805
0.805
0.805
0.805
0.805
0.805
0.805
0.805
0.805
0.805
0.805
0.805
0.786
0.786
0.786
0.786
0.786
0.786
0.786
0.786
0.786
0.786
0.786
0.786
0.786
0.786
0.786
0.786
0.786
0.786
0.786
0.786
0.786
0.786
0.786
0.786
0.786
0.786
0.786
0.786
0.786
0.786
0.786
0.786
0.786
0.786
0.786
0.786
0.786
0.786
0.807
0.807
0.807
0.807
0.807
0.807
0.807
0.807
0.807
0.807
0.807
0.807
0.807
0.807
0.807
0.807
0.807
0.807
0.807
0.807
0.807
0.807
0.807
0.807
0.807
0.807
0.807
0.807
0.807
0.807
0.807
0.807
0.807
0.807
0.807
0.807
0.807
0.807
0.825
0.825
0.825
0.825
0.825
0.825
0.825
0.825
0.825
0.825
0.825
0.825
0.825
0.825
0.825
0.825
0.825
0.825
0.825
0.825
0.825
0.825
0.825
0.825
0.825
0.825
0.825
0.825
0.825
0.825
0.825
0.825
0.825
0.825
0.825
0.825
0.825
0.825
0.82
0.82
0.82
0.82
0.82
0.82
0.82
0.82
0.82
0.82
0.82
0.82
0.82
0.82
0.82
0.82
0.82
0.82
0.82
0.82
0.82
0.82
0.82
0.82
0.82
0.82
0.82
0.82
0.82
0.82
0.82
0.82
0.82
0.82
0.82
0.82
0.82
0.82
0.82
0.82
0.82
0.82
0.82
0.82
0.82
0.82
0.82
0.82
0.82
0.82
0.82
0.82
0.82
0.82
0.82
0.82
0.82
0.82
0.82
0.82
0.82
0.82
0.82
0.82
0.82
0.82
0.82
0.82
0.82
0.82
0.82
0.82
0.82
0.82
0.82
0.82
0.844
0.844
0.844
0.844
0.844
0.844
0.844
0.844
0.844
0.844
0.844
0.844
0.844
0.844
0.844
0.844
0.844
0.844
0.844
0.844
0.844
0.844
0.844
0.844
0.844
0.844
0.844
0.844
0.844
0.844
0.844
0.844
0.844
0.844
0.844
0.844
0.844
0.844
0.771
0.771
0.771
0.771
0.771
0.771
0.771
0.771
0.771
0.771
0.771
0.771
0.771
0.771
0.771
0.771
0.771
0.771
0.771
0.771
0.771
0.771
0.771
0.771
0.771
0.771
0.771
0.771
0.771
0.771
0.771
0.771
0.771
0.771
0.771
0.771
0.771
0.771
0.821
0.821
0.821
0.821
0.821
0.821
0.821
0.821
0.821
0.821
0.821
0.821
0.821
0.821
0.821
0.821
0.821
0.821
0.821
0.821
0.821
0.821
0.821
0.821
0.821
0.821
0.821
0.821
0.821
0.821
0.821
0.821
0.821
0.821
0.821
0.821
0.821
0.821
0.805
0.805
0.805
0.805
0.805
0.805
0.805
0.805
0.805
0.805
0.805
0.805
0.805
0.805
0.805
0.805
0.805
0.805
0.805
0.805
0.805
0.805
0.805
0.805
0.805
0.805
0.805
0.805
0.805
0.805
0.805
0.805
0.805
0.805
0.805
0.805
0.805
0.805
0.667
0.667
0.667
0.667
0.667
0.667
0.667
0.667
0.667
0.667
0.667
0.667
0.667
0.667
0.667
0.667
0.667
0.667
0.667
0.667
0.667
0.667
0.667
0.667
0.667
0.667
0.667
0.667
0.667
0.667
0.667
0.667
0.667
0.667
0.667
0.667
0.667
0.667
0.515
0.515
0.515
0.515
0.515
0.515
0.515
0.515
0.515
0.515
0.515
0.515
0.515
0.515
0.515
0.515
0.515
0.515
0.515
0.515
0.515
0.515
0.515
0.515
0.515
0.515
0.515
0.515
0.515
0.515
0.515
0.515
0.515
0.515
0.515
0.515
0.515
0.515
0.505
0.505
0.505
0.505
0.505
0.505
0.505
0.505
0.505
0.505
0.505
0.505
0.505
0.505
0.505
0.505
0.505
0.505
0.505
0.505
0.505
0.505
0.505
0.505
0.505
0.505
0.505
0.505
0.505
0.505
0.505
0.505
0.505
0.505
0.505
0.505
0.505
0.505
0.442
0.442
0.442
0.442
0.442
0.442
0.442
0.442
0.442
0.442
0.442
0.442
0.442
0.442
0.442
0.442
0.442
0.442
0.442
0.442
0.442
0.442
0.442
0.442
0.442
0.442
0.442
0.442
0.442
0.442
0.442
0.442
0.442
0.442
0.442
0.442
0.442
0.442
0.51
0.51
0.51
0.51
0.51
0.51
0.51
0.51
0.51
0.51
0.51
0.51
0.51
0.51
0.51
0.51
0.51
0.51
0.51
0.51
0.51
0.51
0.51
0.51
0.51
0.51
0.51
0.51
0.51
0.51
0.51
0.51
0.51
0.51
0.51
0.51
0.51
0.51
0.583
0.583
0.583
0.583
0.583
0.583
0.583
0.583
0.583
0.583
0.583
0.583
0.583
0.583
0.583
0.583
0.583
0.583
0.583
0.583
0.583
0.583
0.583
0.583
0.583
0.583
0.583
0.583
0.583
0.583
0.583
0.583
0.583
0.583
0.583
0.583
0.583
0.583
0.632
0.632
0.632
0.632
0.632
0.632
0.632
0.632
0.632
0.632
0.632
0.632
0.632
0.632
0.632
0.632
0.632
0.632
0.632
0.632
0.632
0.632
0.632
0.632
0.632
0.632
0.632
0.632
0.632
0.632
0.632
0.632
0.632
0.632
0.632
0.632
0.632
0.632
0.674
0.674
0.674
0.674
0.674
0.674
0.674
0.674
0.674
0.674
0.674
0.674
0.674
0.674
0.674
0.674
0.674
0.674
0.674
0.674
0.674
0.674
0.674
0.674
0.674
0.674
0.674
0.674
0.674
0.674
0.674
0.674
0.674
0.674
0.674
0.674
0.674
0.674
0.795
0.795
0.795
0.795
0.795
0.795
0.795
0.795
0.795
0.795
0.795
0.795
0.795
0.795
0.795
0.795
0.795
0.795
0.795
0.795
0.795
0.795
0.795
0.795
0.795
0.795
0.795
0.795
0.795
0.795
0.795
0.795
0.795
0.795
0.795
0.795
0.795
0.795
0.857
0.857
0.857
0.857
0.857
0.857
0.857
0.857
0.857
0.857
0.857
0.857
0.857
0.857
0.857
0.857
0.857
0.857
0.857
0.857
0.857
0.857
0.857
0.857
0.857
0.857
0.857
0.857
0.857
0.857
0.857
0.857
0.857
0.857
0.857
0.857
0.857
0.857
1
1
1
1
1
1
1
1
1
1
1
1
1
1
1
1
1
1
1
1
1
1
1
1
1
1
1
1
1
1
1
1
1
1
1
1
1
1
0.872
0.872
0.872
0.872
0.872
0.872
0.872
0.872
0.872
0.872
0.872
0.872
0.872
0.872
0.872
0.872
0.872
0.872
0.872
0.872
0.872
0.872
0.872
0.872
0.872
0.872
0.872
0.872
0.872
0.872
0.872
0.872
0.872
0.872
0.872
0.872
0.872
0.872
0.844
0.844
0.844
0.844
0.844
0.844
0.844
0.844
0.844
0.844
0.844
0.844
0.844
0.844
0.844
0.844
0.844
0.844
0.844
0.844
0.844
0.844
0.844
0.844
0.844
0.844
0.844
0.844
0.844
0.844
0.844
0.844
0.844
0.844
0.844
0.844
0.844
0.844
0.868
0.868
0.868
0.868
0.868
0.868
0.868
0.868
0.868
0.868
0.868
0.868
0.868
0.868
0.868
0.868
0.868
0.868
0.868
0.868
0.868
0.868
0.868
0.868
0.868
0.868
0.868
0.868
0.868
0.868
0.868
0.868
0.868
0.868
0.868
0.868
0.868
0.868
0.857
0.857
0.857
0.857
0.857
0.857
0.857
0.857
0.857
0.857
0.857
0.857
0.857
0.857
0.857
0.857
0.857
0.857
0.857
0.857
0.857
0.857
0.857
0.857
0.857
0.857
0.857
0.857
0.857
0.857
0.857
0.857
0.857
0.857
0.857
0.857
0.857
0.857
0.866
0.866
0.866
0.866
0.866
0.866
0.866
0.866
0.866
0.866
0.866
0.866
0.866
0.866
0.866
0.866
0.866
0.866
0.866
0.866
0.866
0.866
0.866
0.866
0.866
0.866
0.866
0.866
0.866
0.866
0.866
0.866
0.866
0.866
0.866
0.866
0.866
0.866
0.835
0.835
0.835
0.835
0.835
0.835
0.835
0.835
0.835
0.835
0.835
0.835
0.835
0.835
0.835
0.835
0.835
0.835
0.835
0.835
0.835
0.835
0.835
0.835
0.835
0.835
0.835
0.835
0.835
0.835
0.835
0.835
0.835
0.835
0.835
0.835
0.835
0.835
0.789
0.789
0.789
0.789
0.789
0.789
0.789
0.789
0.789
0.789
0.789
0.789
0.789
0.789
0.789
0.789
0.789
0.789
0.789
0.789
0.789
0.789
0.789
0.789
0.789
0.789
0.789
0.789
0.789
0.789
0.789
0.789
0.789
0.789
0.789
0.789
0.789
0.789
0.844
0.844
0.844
0.844
0.844
0.844
0.844
0.844
0.844
0.844
0.844
0.844
0.844
0.844
0.844
0.844
0.844
0.844
0.844
0.844
0.844
0.844
0.844
0.844
0.844
0.844
0.844
0.844
0.844
0.844
0.844
0.844
0.844
0.844
0.844
0.844
0.844
0.844
0.857
0.857
0.857
0.857
0.857
0.857
0.857
0.857
0.857
0.857
0.857
0.857
0.857
0.857
0.857
0.857
0.857
0.857
0.857
0.857
0.857
0.857
0.857
0.857
0.857
0.857
0.857
0.857
0.857
0.857
0.857
0.857
0.857
0.857
0.857
0.857
0.857
0.857
0.844
0.844
0.844
0.844
0.844
0.844
0.844
0.844
0.844
0.844
0.844
0.844
0.844
0.844
0.844
0.844
0.844
0.844
0.844
0.844
0.844
0.844
0.844
0.844
0.844
0.844
0.844
0.844
0.844
0.844
0.844
0.844
0.844
0.844
0.844
0.844
0.844
0.844
0.816
0.816
0.816
0.816
0.816
0.816
0.816
0.816
0.816
0.816
0.816
0.816
0.816
0.816
0.816
0.816
0.816
0.816
0.816
0.816
0.816
0.816
0.816
0.816
0.816
0.816
0.816
0.816
0.816
0.816
0.816
0.816
0.816
0.816
0.816
0.816
0.816
0.816
0.775
0.775
0.775
0.775
0.775
0.775
0.775
0.775
0.775
0.775
0.775
0.775
0.775
0.775
0.775
0.775
0.775
0.775
0.775
0.775
0.775
0.775
0.775
0.775
0.775
0.775
0.775
0.775
0.775
0.775
0.775
0.775
0.775
0.775
0.775
0.775
0.775
0.775
0.636
0.636
0.636
0.636
0.636
0.636
0.636
0.636
0.636
0.636
0.636
0.636
0.636
0.636
0.636
0.636
0.636
0.636
0.636
0.636
0.636
0.636
0.636
0.636
0.636
0.636
0.636
0.636
0.636
0.636
0.636
0.636
0.636
0.636
0.636
0.636
0.636
0.636
0.538
0.538
0.538
0.538
0.538
0.538
0.538
0.538
0.538
0.538
0.538
0.538
0.538
0.538
0.538
0.538
0.538
0.538
0.538
0.538
0.538
0.538
0.538
0.538
0.538
0.538
0.538
0.538
0.538
0.538
0.538
0.538
0.538
0.538
0.538
0.538
0.538
0.538
0.42
0.42
0.42
0.42
0.42
0.42
0.42
0.42
0.42
0.42
0.42
0.42
0.42
0.42
0.42
0.42
0.42
0.42
0.42
0.42
0.42
0.42
0.42
0.42
0.42
0.42
0.42
0.42
0.42
0.42
0.42
0.42
0.42
0.42
0.42
0.42
0.42
0.42
0.311
0.311
0.311
0.311
0.311
0.311
0.311
0.311
0.311
0.311
0.311
0.311
0.311
0.311
0.311
0.311
0.311
0.311
0.311
0.311
0.311
0.311
0.311
0.311
0.311
0.311
0.311
0.311
0.311
0.311
0.311
0.311
0.311
0.311
0.311
0.311
0.311
0.311
0.277
0.277
0.277
0.277
0.277
0.277
0.277
0.277
0.277
0.277
0.277
0.277
0.277
0.277
0.277
0.277
0.277
0.277
0.277
0.277
0.277
0.277
0.277
0.277
0.277
0.277
0.277
0.277
0.277
0.277
0.277
0.277
0.277
0.277
0.277
0.277
0.277
0.277
0.199
0.199
0.199
0.199
0.199
0.199
0.199
0.199
0.199
0.199
0.199
0.199
0.199
0.199
0.199
0.199
0.199
0.199
0.199
0.199
0.199
0.199
0.199
0.199
0.199
0.199
0.199
0.199
0.199
0.199
0.199
0.199
0.199
0.199
0.199
0.199
0.199
0.199
0.13
0.13
0.13
0.13
0.13
0.13
0.13
0.13
0.13
0.13
0.13
0.13
0.13
0.13
0.13
0.13
0.13
0.13
0.13
0.13
0.13
0.13
0.13
0.13
0.13
0.13
0.13
0.13
0.13
0.13
0.13
0.13
0.13
0.13
0.13
0.13
0.13
0.13
0.138
0.138
0.138
0.138
0.138
0.138
0.138
0.138
0.138
0.138
0.138
0.138
0.138
0.138
0.138
0.138
0.138
0.138
0.138
0.138
0.138
0.138
0.138
0.138
0.138
0.138
0.138
0.138
0.138
0.138
0.138
0.138
0.138
0.138
0.138
0.138
0.138
0.138
0.2
0.2
0.2
0.2
0.2
0.2
0.2
0.2
0.2
0.2
0.2
0.2
0.2
0.2
0.2
0.2
0.2
0.2
0.2
0.2
0.2
0.2
0.2
0.2
0.2
0.2
0.2
0.2
0.2
0.2
0.2
0.2
0.2
0.2
0.2
0.2
0.2
0.2
0.146
0.146
0.146
0.146
0.146
0.146
0.146
0.146
0.146
0.146
0.146
0.146
0.146
0.146
0.146
0.146
0.146
0.146
0.146
0.146
0.146
0.146
0.146
0.146
0.146
0.146
0.146
0.146
0.146
0.146
0.146
0.146
0.146
0.146
0.146
0.146
0.146
0.146
0.232
0.232
0.232
0.232
0.232
0.232
0.232
0.232
0.232
0.232
0.232
0.232
0.232
0.232
0.232
0.232
0.232
0.232
0.232
0.232
0.232
0.232
0.232
0.232
0.232
0.232
0.232
0.232
0.232
0.232
0.232
0.232
0.232
0.232
0.232
0.232
0.232
0.232
0.357
0.357
0.357
0.357
0.357
0.357
0.357
0.357
0.357
0.357
0.357
0.357
0.357
0.357
0.357
0.357
0.357
0.357
0.357
0.357
0.357
0.357
0.357
0.357
0.357
0.357
0.357
0.357
0.357
0.357
0.357
0.357
0.357
0.357
0.357
0.357
0.357
0.357
0.428
0.428
0.428
0.428
0.428
0.428
0.428
0.428
0.428
0.428
0.428
0.428
0.428
0.428
0.428
0.428
0.428
0.428
0.428
0.428
0.428
0.428
0.428
0.428
0.428
0.428
0.428
0.428
0.428
0.428
0.428
0.428
0.428
0.428
0.428
0.428
0.428
0.428
0.48
0.48
0.48
0.48
0.48
0.48
0.48
0.48
0.48
0.48
0.48
0.48
0.48
0.48
0.48
0.48
0.48
0.48
0.48
0.48
0.48
0.48
0.48
0.48
0.48
0.48
0.48
0.48
0.48
0.48
0.48
0.48
0.48
0.48
0.48
0.48
0.48
0.48
0.434
0.434
0.434
0.434
0.434
0.434
0.434
0.434
0.434
0.434
0.434
0.434
0.434
0.434
0.434
0.434
0.434
0.434
0.434
0.434
0.434
0.434
0.434
0.434
0.434
0.434
0.434
0.434
0.434
0.434
0.434
0.434
0.434
0.434
0.434
0.434
0.434
0.434
0.397
0.397
0.397
0.397
0.397
0.397
0.397
0.397
0.397
0.397
0.397
0.397
0.397
0.397
0.397
0.397
0.397
0.397
0.397
0.397
0.397
0.397
0.397
0.397
0.397
0.397
0.397
0.397
0.397
0.397
0.397
0.397
0.397
0.397
0.397
0.397
0.397
0.397
0.344
0.344
0.344
0.344
0.344
0.344
0.344
0.344
0.344
0.344
0.344
0.344
0.344
0.344
0.344
0.344
0.344
0.344
0.344
0.344
0.344
0.344
0.344
0.344
0.344
0.344
0.344
0.344
0.344
0.344
0.344
0.344
0.344
0.344
0.344
0.344
0.344
0.344
0.258
0.258
0.258
0.258
0.258
0.258
0.258
0.258
0.258
0.258
0.258
0.258
0.258
0.258
0.258
0.258
0.258
0.258
0.258
0.258
0.258
0.258
0.258
0.258
0.258
0.258
0.258
0.258
0.258
0.258
0.258
0.258
0.258
0.258
0.258
0.258
0.258
0.258
0.192
0.192
0.192
0.192
0.192
0.192
0.192
0.192
0.192
0.192
0.192
0.192
0.192
0.192
0.192
0.192
0.192
0.192
0.192
0.192
0.192
0.192
0.192
0.192
0.192
0.192
0.192
0.192
0.192
0.192
0.192
0.192
0.192
0.192
0.192
0.192
0.192
0.192
0.18
0.18
0.18
0.18
0.18
0.18
0.18
0.18
0.18
0.18
0.18
0.18
0.18
0.18
0.18
0.18
0.18
0.18
0.18
0.18
0.18
0.18
0.18
0.18
0.18
0.18
0.18
0.18
0.18
0.18
0.18
0.18
0.18
0.18
0.18
0.18
0.18
0.18
0.092
0.092
0.092
0.092
0.092
0.092
0.092
0.092
0.092
0.092
0.092
0.092
0.092
0.092
0.092
0.092
0.092
0.092
0.092
0.092
0.092
0.092
0.092
0.092
0.092
0.092
0.092
0.092
0.092
0.092
0.092
0.092
0.092
0.092
0.092
0.092
0.092
0.092
0.044
0.044
0.044
0.044
0.044
0.044
0.044
0.044
0.044
0.044
0.044
0.044
0.044
0.044
0.044
0.044
0.044
0.044
0.044
0.044
0.044
0.044
0.044
0.044
0.044
0.044
0.044
0.044
0.044
0.044
0.044
0.044
0.044
0.044
0.044
0.044
0.044
0.044
0.006
0.006
0.006
0.006
0.006
0.006
0.006
0.006
0.006
0.006
0.006
0.006
0.006
0.006
0.006
0.006
0.006
0.006
0.006
0.006
0.006
0.006
0.006
0.006
0.006
0.006
0.006
0.006
0.006
0.006
0.006
0.006
0.006
0.006
0.006
0.006
0.006
0.006
-0.011
-0.011
-0.011
-0.011
-0.011
-0.011
-0.011
-0.011
-0.011
-0.011
-0.011
-0.011
-0.011
-0.011
-0.011
-0.011
-0.011
-0.011
-0.011
-0.011
-0.011
-0.011
-0.011
-0.011
-0.011
-0.011
-0.011
-0.011
-0.011
-0.011
-0.011
-0.011
-0.011
-0.011
-0.011
-0.011
-0.011
-0.011
-0.039
-0.039
-0.039
-0.039
-0.039
-0.039
-0.039
-0.039
-0.039
-0.039
-0.039
-0.039
-0.039
-0.039
-0.039
-0.039
-0.039
-0.039
-0.039
-0.039
-0.039
-0.039
-0.039
-0.039
-0.039
-0.039
-0.039
-0.039
-0.039
-0.039
-0.039
-0.039
-0.039
-0.039
-0.039
-0.039
-0.039
-0.039
-0.063
-0.063
-0.063
-0.063
-0.063
-0.063
-0.063
-0.063
-0.063
-0.063
-0.063
-0.063
-0.063
-0.063
-0.063
-0.063
-0.063
-0.063
-0.063
-0.063
-0.063
-0.063
-0.063
-0.063
-0.063
-0.063
-0.063
-0.063
-0.063
-0.063
-0.063
-0.063
-0.063
-0.063
-0.063
-0.063
-0.063
-0.063
-0.133
-0.133
-0.133
-0.133
-0.133
-0.133
-0.133
-0.133
-0.133
-0.133
-0.133
-0.133
-0.133
-0.133
-0.133
-0.133
-0.133
-0.133
-0.133
-0.133
-0.133
-0.133
-0.133
-0.133
-0.133
-0.133
-0.133
-0.133
-0.133
-0.133
-0.133
-0.133
-0.133
-0.133
-0.133
-0.133
-0.133
-0.133
-0.171
-0.171
-0.171
-0.171
-0.171
-0.171
-0.171
-0.171
-0.171
-0.171
-0.171
-0.171
-0.171
-0.171
-0.171
-0.171
-0.171
-0.171
-0.171
-0.171
-0.171
-0.171
-0.171
-0.171
-0.171
-0.171
-0.171
-0.171
-0.171
-0.171
-0.171
-0.171
-0.171
-0.171
-0.171
-0.171
-0.171
-0.171
-0.243
-0.243
-0.243
-0.243
-0.243
-0.243
-0.243
-0.243
-0.243
-0.243
-0.243
-0.243
-0.243
-0.243
-0.243
-0.243
-0.243
-0.243
-0.243
-0.243
-0.243
-0.243
-0.243
-0.243
-0.243
-0.243
-0.243
-0.243
-0.243
-0.243
-0.243
-0.243
-0.243
-0.243
-0.243
-0.243
-0.243
-0.243
-0.316
-0.316
-0.316
-0.316
-0.316
-0.316
-0.316
-0.316
-0.316
-0.316
-0.316
-0.316
-0.316
-0.316
-0.316
-0.316
-0.316
-0.316
-0.316
-0.316
-0.316
-0.316
-0.316
-0.316
-0.316
-0.316
-0.316
-0.316
-0.316
-0.316
-0.316
-0.316
-0.316
-0.316
-0.316
-0.316
-0.316
-0.316
-0.339
-0.339
-0.339
-0.339
-0.339
-0.339
-0.339
-0.339
-0.339
-0.339
-0.339
-0.339
-0.339
-0.339
-0.339
-0.339
-0.339
-0.339
-0.339
-0.339
-0.339
-0.339
-0.339
-0.339
-0.339
-0.339
-0.339
-0.339
-0.339
-0.339
-0.339
-0.339
-0.339
-0.339
-0.339
-0.339
-0.339
-0.339
-0.381
-0.381
-0.381
-0.381
-0.381
-0.381
-0.381
-0.381
-0.381
-0.381
-0.381
-0.381
-0.381
-0.381
-0.381
-0.381
-0.381
-0.381
-0.381
-0.381
-0.381
-0.381
-0.381
-0.381
-0.381
-0.381
-0.381
-0.381
-0.381
-0.381
-0.381
-0.381
-0.381
-0.381
-0.381
-0.381
-0.381
-0.381
-0.338
-0.338
-0.338
-0.338
-0.338
-0.338
-0.338
-0.338
-0.338
-0.338
-0.338
-0.338
-0.338
-0.338
-0.338
-0.338
-0.338
-0.338
-0.338
-0.338
-0.338
-0.338
-0.338
-0.338
-0.338
-0.338
-0.338
-0.338
-0.338
-0.338
-0.338
-0.338
-0.338
-0.338
-0.338
-0.338
-0.338
-0.338
-0.275
-0.275
-0.275
-0.275
-0.275
-0.275
-0.275
-0.275
-0.275
-0.275
-0.275
-0.275
-0.275
-0.275
-0.275
-0.275
-0.275
-0.275
-0.275
-0.275
-0.275
-0.275
-0.275
-0.275
-0.275
-0.275
-0.275
-0.275
-0.275
-0.275
-0.275
-0.275
-0.275
-0.275
-0.275
-0.275
-0.275
-0.275
-0.155
-0.155
-0.155
-0.155
-0.155
-0.155
-0.155
-0.155
-0.155
-0.155
-0.155
-0.155
-0.155
-0.155
-0.155
-0.155
-0.155
-0.155
-0.155
-0.155
-0.155
-0.155
-0.155
-0.155
-0.155
-0.155
-0.155
-0.155
-0.155
-0.155
-0.155
-0.155
-0.155
-0.155
-0.155
-0.155
-0.155
-0.155
-0.058
-0.058
-0.058
-0.058
-0.058
-0.058
-0.058
-0.058
-0.058
-0.058
-0.058
-0.058
-0.058
-0.058
-0.058
-0.058
-0.058
-0.058
-0.058
-0.058
-0.058
-0.058
-0.058
-0.058
-0.058
-0.058
-0.058
-0.058
-0.058
-0.058
-0.058
-0.058
-0.058
-0.058
-0.058
-0.058
-0.058
-0.058
0.027
0.027
0.027
0.027
0.027
0.027
0.027
0.027
0.027
0.027
0.027
0.027
0.027
0.027
0.027
0.027
0.027
0.027
0.027
0.027
0.027
0.027
0.027
0.027
0.027
0.027
0.027
0.027
0.027
0.027
0.027
0.027
0.027
0.027
0.027
0.027
0.027
0.027
0.084
0.084
0.084
0.084
0.084
0.084
0.084
0.084
0.084
0.084
0.084
0.084
0.084
0.084
0.084
0.084
0.084
0.084
0.084
0.084
0.084
0.084
0.084
0.084
0.084
0.084
0.084
0.084
0.084
0.084
0.084
0.084
0.084
0.084
0.084
0.084
0.084
0.084
0.129
0.129
0.129
0.129
0.129
0.129
0.129
0.129
0.129
0.129
0.129
0.129
0.129
0.129
0.129
0.129
0.129
0.129
0.129
0.129
0.129
0.129
0.129
0.129
0.129
0.129
0.129
0.129
0.129
0.129
0.129
0.129
0.129
0.129
0.129
0.129
0.129
0.129
0.102
0.102
0.102
0.102
0.102
0.102
0.102
0.102
0.102
0.102
0.102
0.102
0.102
0.102
0.102
0.102
0.102
0.102
0.102
0.102
0.102
0.102
0.102
0.102
0.102
0.102
0.102
0.102
0.102
0.102
0.102
0.102
0.102
0.102
0.102
0.102
0.102
0.102
0.097
0.097
0.097
0.097
0.097
0.097
0.097
0.097
0.097
0.097
0.097
0.097
0.097
0.097
0.097
0.097
0.097
0.097
0.097
0.097
0.097
0.097
0.097
0.097
0.097
0.097
0.097
0.097
0.097
0.097
0.097
0.097
0.097
0.097
0.097
0.097
0.097
0.097
0.069
0.069
0.069
0.069
0.069
0.069
0.069
0.069
0.069
0.069
0.069
0.069
0.069
0.069
0.069
0.069
0.069
0.069
0.069
0.069
0.069
0.069
0.069
0.069
0.069
0.069
0.069
0.069
0.069
0.069
0.069
0.069
0.069
0.069
0.069
0.069
0.069
0.069
0.038
0.038
0.038
0.038
0.038
0.038
0.038
0.038
0.038
0.038
0.038
0.038
0.038
0.038
0.038
0.038
0.038
0.038
0.038
0.038
0.038
0.038
0.038
0.038
0.038
0.038
0.038
0.038
0.038
0.038
0.038
0.038
0.038
0.038
0.038
0.038
0.038
0.038
0.001
0.001
0.001
0.001
0.001
0.001
0.001
0.001
0.001
0.001
0.001
0.001
0.001
0.001
0.001
0.001
0.001
0.001
0.001
0.001
0.001
0.001
0.001
0.001
0.001
0.001
0.001
0.001
0.001
0.001
0.001
0.001
0.001
0.001
0.001
0.001
0.001
0.001
-0.033
-0.033
-0.033
-0.033
-0.033
-0.033
-0.033
-0.033
-0.033
-0.033
-0.033
-0.033
-0.033
-0.033
-0.033
-0.033
-0.033
-0.033
-0.033
-0.033
-0.033
-0.033
-0.033
-0.033
-0.033
-0.033
-0.033
-0.033
-0.033
-0.033
-0.033
-0.033
-0.033
-0.033
-0.033
-0.033
-0.033
-0.033
0.016
0.016
0.016
0.016
0.016
0.016
0.016
0.016
0.016
0.016
0.016
0.016
0.016
0.016
0.016
0.016
0.016
0.016
0.016
0.016
0.016
0.016
0.016
0.016
0.016
0.016
0.016
0.016
0.016
0.016
0.016
0.016
0.016
0.016
0.016
0.016
0.016
0.016
0.019
0.019
0.019
0.019
0.019
0.019
0.019
0.019
0.019
0.019
0.019
0.019
0.019
0.019
0.019
0.019
0.019
0.019
0.019
0.019
0.019
0.019
0.019
0.019
0.019
0.019
0.019
0.019
0.019
0.019
0.019
0.019
0.019
0.019
0.019
0.019
0.019
0.019
0.002
0.002
0.002
0.002
0.002
0.002
0.002
0.002
0.002
0.002
0.002
0.002
0.002
0.002
0.002
0.002
0.002
0.002
0.002
0.002
0.002
0.002
0.002
0.002
0.002
0.002
0.002
0.002
0.002
0.002
0.002
0.002
0.002
0.002
0.002
0.002
0.002
0.002
0.013
0.013
0.013
0.013
0.013
0.013
0.013
0.013
0.013
0.013
0.013
0.013
0.013
0.013
0.013
0.013
0.013
0.013
0.013
0.013
0.013
0.013
0.013
0.013
0.013
0.013
0.013
0.013
0.013
0.013
0.013
0.013
0.013
0.013
0.013
0.013
0.013
0.013
0.004
0.004
0.004
0.004
0.004
0.004
0.004
0.004
0.004
0.004
0.004
0.004
0.004
0.004
0.004
0.004
0.004
0.004
0.004
0.004
0.004
0.004
0.004
0.004
0.004
0.004
0.004
0.004
0.004
0.004
0.004
0.004
0.004
0.004
0.004
0.004
0.004
0.004
-0.024
-0.024
-0.024
-0.024
-0.024
-0.024
-0.024
-0.024
-0.024
-0.024
-0.024
-0.024
-0.024
-0.024
-0.024
-0.024
-0.024
-0.024
-0.024
-0.024
-0.024
-0.024
-0.024
-0.024
-0.024
-0.024
-0.024
-0.024
-0.024
-0.024
-0.024
-0.024
-0.024
-0.024
-0.024
-0.024
-0.024
-0.024
-0.079
-0.079
-0.079
-0.079
-0.079
-0.079
-0.079
-0.079
-0.079
-0.079
-0.079
-0.079
-0.079
-0.079
-0.079
-0.079
-0.079
-0.079
-0.079
-0.079
-0.079
-0.079
-0.079
-0.079
-0.079
-0.079
-0.079
-0.079
-0.079
-0.079
-0.079
-0.079
-0.079
-0.079
-0.079
-0.079
-0.079
-0.079
-0.145
-0.145
-0.145
-0.145
-0.145
-0.145
-0.145
-0.145
-0.145
-0.145
-0.145
-0.145
-0.145
-0.145
-0.145
-0.145
-0.145
-0.145
-0.145
-0.145
-0.145
-0.145
-0.145
-0.145
-0.145
-0.145
-0.145
-0.145
-0.145
-0.145
-0.145
-0.145
-0.145
-0.145
-0.145
-0.145
-0.145
-0.145
-0.196
-0.196
-0.196
-0.196
-0.196
-0.196
-0.196
-0.196
-0.196
-0.196
-0.196
-0.196
-0.196
-0.196
-0.196
-0.196
-0.196
-0.196
-0.196
-0.196
-0.196
-0.196
-0.196
-0.196
-0.196
-0.196
-0.196
-0.196
-0.196
-0.196
-0.196
-0.196
-0.196
-0.196
-0.196
-0.196
-0.196
-0.196
-0.216
-0.216
-0.216
-0.216
-0.216
-0.216
-0.216
-0.216
-0.216
-0.216
-0.216
-0.216
-0.216
-0.216
-0.216
-0.216
-0.216
-0.216
-0.216
-0.216
-0.216
-0.216
-0.216
-0.216
-0.216
-0.216
-0.216
-0.216
-0.216
-0.216
-0.216
-0.216
-0.216
-0.216
-0.216
-0.216
-0.216
-0.216
-0.216
-0.216
-0.216
-0.216
-0.216
-0.216
-0.216
-0.216
-0.216
-0.216
-0.216
-0.216
-0.216
-0.216
-0.216
-0.216
-0.216
-0.216
-0.216
-0.216
-0.216
-0.216
-0.216
-0.216
-0.216
-0.216
-0.216
-0.216
-0.216
-0.216
-0.216
-0.216
-0.216
-0.216
-0.216
-0.216
-0.216
-0.216
