ADCIRC Model
100  102
     1     6.00000000000000e+02    0.00000000000000e+00   2.00000000000000e+01
     2     6.00000000000000e+02    4.80000000000000e+01   2.00000000000000e+01
     3     5.88000000000000e+02    0.00000000000000e+00   2.00000000000000e+01
     4     5.88000000000000e+02    4.80000000000000e+01   2.00000000000000e+01
     5     5.76000000000000e+02    0.00000000000000e+00   2.00000000000000e+01
     6     5.76000000000000e+02    4.80000000000000e+01   2.00000000000000e+01
     7     5.64000000000000e+02    0.00000000000000e+00   2.00000000000000e+01
     8     5.64000000000000e+02    4.80000000000000e+01   2.00000000000000e+01
     9     5.52000000000000e+02    0.00000000000000e+00   2.00000000000000e+01
    10     5.52000000000000e+02    4.80000000000000e+01   2.00000000000000e+01
    11     5.40000000000000e+02    0.00000000000000e+00   2.00000000000000e+01
    12     5.40000000000000e+02    4.80000000000000e+01   2.00000000000000e+01
    13     5.28000000000000e+02    0.00000000000000e+00   2.00000000000000e+01
    14     5.28000000000000e+02    4.80000000000000e+01   2.00000000000000e+01
    15     5.16000000000000e+02    0.00000000000000e+00   2.00000000000000e+01
    16     5.16000000000000e+02    4.80000000000000e+01   2.00000000000000e+01
    17     5.04000000000000e+02    0.00000000000000e+00   2.00000000000000e+01
    18     5.04000000000000e+02    4.80000000000000e+01   2.00000000000000e+01
    19     4.92000000000000e+02    0.00000000000000e+00   2.00000000000000e+01
    20     4.92000000000000e+02    4.80000000000000e+01   2.00000000000000e+01
    21     4.80000000000000e+02    0.00000000000000e+00   2.00000000000000e+01
    22     4.80000000000000e+02    4.80000000000000e+01   2.00000000000000e+01
    23     4.68000000000000e+02    0.00000000000000e+00   2.00000000000000e+01
    24     4.68000000000000e+02    4.80000000000000e+01   2.00000000000000e+01
    25     4.56000000000000e+02    0.00000000000000e+00   2.00000000000000e+01
    26     4.56000000000000e+02    4.80000000000000e+01   2.00000000000000e+01
    27     4.44000000000000e+02    0.00000000000000e+00   2.00000000000000e+01
    28     4.44000000000000e+02    4.80000000000000e+01   2.00000000000000e+01
    29     4.32000000000000e+02    0.00000000000000e+00   2.00000000000000e+01
    30     4.32000000000000e+02    4.80000000000000e+01   2.00000000000000e+01
    31     4.20000000000000e+02    0.00000000000000e+00   2.00000000000000e+01
    32     4.20000000000000e+02    4.80000000000000e+01   2.00000000000000e+01
    33     4.08000000000000e+02    0.00000000000000e+00   2.00000000000000e+01
    34     4.08000000000000e+02    4.80000000000000e+01   2.00000000000000e+01
    35     3.96000000000000e+02    0.00000000000000e+00   2.00000000000000e+01
    36     3.96000000000000e+02    4.80000000000000e+01   2.00000000000000e+01
    37     3.84000000000000e+02    0.00000000000000e+00   2.00000000000000e+01
    38     3.84000000000000e+02    4.80000000000000e+01   2.00000000000000e+01
    39     3.72000000000000e+02    0.00000000000000e+00   2.00000000000000e+01
    40     3.72000000000000e+02    4.80000000000000e+01   2.00000000000000e+01
    41     3.60000000000000e+02    0.00000000000000e+00   2.00000000000000e+01
    42     3.60000000000000e+02    4.80000000000000e+01   2.00000000000000e+01
    43     3.48000000000000e+02    0.00000000000000e+00   2.00000000000000e+01
    44     3.48000000000000e+02    4.80000000000000e+01   2.00000000000000e+01
    45     3.36000000000000e+02    0.00000000000000e+00   2.00000000000000e+01
    46     3.36000000000000e+02    4.80000000000000e+01   2.00000000000000e+01
    47     3.24000000000000e+02    0.00000000000000e+00   2.00000000000000e+01
    48     3.24000000000000e+02    4.80000000000000e+01   2.00000000000000e+01
    49     3.12000000000000e+02    0.00000000000000e+00   2.00000000000000e+01
    50     3.12000000000000e+02    4.80000000000000e+01   2.00000000000000e+01
    51     3.00000000000000e+02    0.00000000000000e+00   2.00000000000000e+01
    52     3.00000000000000e+02    4.80000000000000e+01   2.00000000000000e+01
    53     2.88000000000000e+02    0.00000000000000e+00   2.00000000000000e+01
    54     2.88000000000000e+02    4.80000000000000e+01   2.00000000000000e+01
    55     2.76000000000000e+02    0.00000000000000e+00   2.00000000000000e+01
    56     2.76000000000000e+02    4.80000000000000e+01   2.00000000000000e+01
    57     2.64000000000000e+02    0.00000000000000e+00   2.00000000000000e+01
    58     2.64000000000000e+02    4.80000000000000e+01   2.00000000000000e+01
    59     2.52000000000000e+02    0.00000000000000e+00   2.00000000000000e+01
    60     2.52000000000000e+02    4.80000000000000e+01   2.00000000000000e+01
    61     2.40000000000000e+02    0.00000000000000e+00   2.00000000000000e+01
    62     2.40000000000000e+02    4.80000000000000e+01   2.00000000000000e+01
    63     2.28000000000000e+02    0.00000000000000e+00   2.00000000000000e+01
    64     2.28000000000000e+02    4.80000000000000e+01   2.00000000000000e+01
    65     2.16000000000000e+02    0.00000000000000e+00   2.00000000000000e+01
    66     2.16000000000000e+02    4.80000000000000e+01   2.00000000000000e+01
    67     2.04000000000000e+02    0.00000000000000e+00   2.00000000000000e+01
    68     2.04000000000000e+02    4.80000000000000e+01   2.00000000000000e+01
    69     1.92000000000000e+02    0.00000000000000e+00   2.00000000000000e+01
    70     1.92000000000000e+02    4.80000000000000e+01   2.00000000000000e+01
    71     1.80000000000000e+02    0.00000000000000e+00   2.00000000000000e+01
    72     1.80000000000000e+02    4.80000000000000e+01   2.00000000000000e+01
    73     1.68000000000000e+02    0.00000000000000e+00   2.00000000000000e+01
    74     1.68000000000000e+02    4.80000000000000e+01   2.00000000000000e+01
    75     1.56000000000000e+02    0.00000000000000e+00   2.00000000000000e+01
    76     1.56000000000000e+02    4.80000000000000e+01   2.00000000000000e+01
    77     1.44000000000000e+02    0.00000000000000e+00   2.00000000000000e+01
    78     1.44000000000000e+02    4.80000000000000e+01   2.00000000000000e+01
    79     1.32000000000000e+02    0.00000000000000e+00   2.00000000000000e+01
    80     1.32000000000000e+02    4.80000000000000e+01   2.00000000000000e+01
    81     1.20000000000000e+02    0.00000000000000e+00   2.00000000000000e+01
    82     1.20000000000000e+02    4.80000000000000e+01   2.00000000000000e+01
    83     1.08000000000000e+02    0.00000000000000e+00   2.00000000000000e+01
    84     1.08000000000000e+02    4.80000000000000e+01   2.00000000000000e+01
    85     9.60000000000000e+01    0.00000000000000e+00   2.00000000000000e+01
    86     9.60000000000000e+01    4.80000000000000e+01   2.00000000000000e+01
    87     8.40000000000000e+01    0.00000000000000e+00   2.00000000000000e+01
    88     8.40000000000000e+01    4.80000000000000e+01   2.00000000000000e+01
    89     7.20000000000000e+01    0.00000000000000e+00   2.00000000000000e+01
    90     7.20000000000000e+01    4.80000000000000e+01   2.00000000000000e+01
    91     6.00000000000000e+01    0.00000000000000e+00   2.00000000000000e+01
    92     6.00000000000000e+01    4.80000000000000e+01   2.00000000000000e+01
    93     4.80000000000000e+01    0.00000000000000e+00   2.00000000000000e+01
    94     4.80000000000000e+01    4.80000000000000e+01   2.00000000000000e+01
    95     3.60000000000000e+01    0.00000000000000e+00   2.00000000000000e+01
    96     3.60000000000000e+01    4.80000000000000e+01   2.00000000000000e+01
    97     2.40000000000000e+01    0.00000000000000e+00   2.00000000000000e+01
    98     2.40000000000000e+01    4.80000000000000e+01   2.00000000000000e+01
    99     1.20000000000000e+01    0.00000000000000e+00   2.00000000000000e+01
   100     1.20000000000000e+01    4.80000000000000e+01   2.00000000000000e+01
   101     0.00000000000000e+00    0.00000000000000e+00   2.00000000000000e+01
   102     0.00000000000000e+00    4.80000000000000e+01   2.00000000000000e+01
     1    3      1          2          4    
     2    3      4          3          1    
     3    3      3          4          6    
     4    3      6          5          3    
     5    3      5          6          8    
     6    3      8          7          5    
     7    3      7          8         10    
     8    3     10          9          7    
     9    3      9         10         12    
    10    3     12         11          9    
    11    3     11         12         14    
    12    3     14         13         11    
    13    3     13         14         16    
    14    3     16         15         13    
    15    3     15         16         18    
    16    3     18         17         15    
    17    3     17         18         20    
    18    3     20         19         17    
    19    3     19         20         22    
    20    3     22         21         19    
    21    3     21         22         24    
    22    3     24         23         21    
    23    3     23         24         26    
    24    3     26         25         23    
    25    3     25         26         28    
    26    3     28         27         25    
    27    3     27         28         30    
    28    3     30         29         27    
    29    3     29         30         32    
    30    3     32         31         29    
    31    3     31         32         34    
    32    3     34         33         31    
    33    3     33         34         36    
    34    3     36         35         33    
    35    3     35         36         38    
    36    3     38         37         35    
    37    3     37         38         40    
    38    3     40         39         37    
    39    3     39         40         42    
    40    3     42         41         39    
    41    3     41         42         44    
    42    3     44         43         41    
    43    3     43         44         46    
    44    3     46         45         43    
    45    3     45         46         48    
    46    3     48         47         45    
    47    3     47         48         50    
    48    3     50         49         47    
    49    3     49         50         52    
    50    3     52         51         49    
    51    3     51         52         54    
    52    3     54         53         51    
    53    3     53         54         56    
    54    3     56         55         53    
    55    3     55         56         58    
    56    3     58         57         55    
    57    3     57         58         60    
    58    3     60         59         57    
    59    3     59         60         62    
    60    3     62         61         59    
    61    3     61         62         64    
    62    3     64         63         61    
    63    3     63         64         66    
    64    3     66         65         63    
    65    3     65         66         68    
    66    3     68         67         65    
    67    3     67         68         70    
    68    3     70         69         67    
    69    3     69         70         72    
    70    3     72         71         69    
    71    3     71         72         74    
    72    3     74         73         71    
    73    3     73         74         76    
    74    3     76         75         73    
    75    3     75         76         78    
    76    3     78         77         75    
    77    3     77         78         80    
    78    3     80         79         77    
    79    3     79         80         82    
    80    3     82         81         79    
    81    3     81         82         84    
    82    3     84         83         81    
    83    3     83         84         86    
    84    3     86         85         83    
    85    3     85         86         88    
    86    3     88         87         85    
    87    3     87         88         90    
    88    3     90         89         87    
    89    3     89         90         92    
    90    3     92         91         89    
    91    3     91         92         94    
    92    3     94         93         91    
    93    3     93         94         96    
    94    3     96         95         93    
    95    3     95         96         98    
    96    3     98         97         95    
    97    3     97         98        100    
    98    3    100         99         97    
    99    3     99        100        102    
   100    3    102        101         99    
0 = Number of open boundaries
0 = Total number of open boundary nodes
4 = Number of land boundaries
106 = Total number of land boundary nodes
2 22 = Number of nodes for land boundary 1
101
102
51 20 = Number of nodes for land boundary 2
102
100
 98
 96
 94
 92
 90
 88
 86
 84
 82
 80
 78
 76
 74
 72
 70
 68
 66
 64
 62
 60
 58
 56
 54
 52
 50
 48
 46
 44
 42
 40
 38
 36
 34
 32
 30
 28
 26
 24
 22
 20
 18
 16
 14
 12
 10
  8
  6
  4
  2
2 20 = Number of nodes for land boundary 3
2
1
51 20 = Number of nodes for land boundary 4
  1
  3
  5
  7
  9
 11
 13
 15
 17
 19
 21
 23
 25
 27
 29
 31
 33
 35
 37
 39
 41
 43
 45
 47
 49
 51
 53
 55
 57
 59
 61
 63
 65
 67
 69
 71
 73
 75
 77
 79
 81
 83
 85
 87
 89
 91
 93
 95
 97
 99
101
